| 3 | 10007480700 |
| 1 | 10003990200 |
| 1 | 5013201500 |
| 2 | 5527879100 |
| 3 | 6031566500 |
| 4 | 6516348900 |
| 5 | 7052967300 |
| 6 | 7553466000 |
| 7 | 8071010700 |
| 8 | 8579956300 |
| 9 | 8553925500 |
| 10 | 9563867300 |
| 11 | 10071451500 |
| 12 | 10593486600 |
| 13 | 11094825600 |
| 14 | 11599742900 |
| 15 | 12095570400 |
| 16 | 12106718200 |
| 17 | 12620052100 |
| 18 | 13619680500 |
| 19 | 12115740200 |
| 20 | 12094475700 |
| 11 | 61727633000 |
| 11 | 61783096800 |
| 12 | 72787665800 |
| 13 | 85929595800 |
| 14 | 99039777600 |
| 15 | 114191370000 |
| 3 | 8550248400 |
| 3 | 8564528400 |
| 3 | 8624068600 |
| 3 | 8556268200 |
| 3 | 8577654300 |
| 3 | 19205672200 |
| 3 | 20718890500 |
| 3 | 22265087500 |
| 3 | 23804603500 |
| 3 | 25285252200 |
| 3 | 19255910300 |
| 3 | 19332864800 |
| 4 | 24901268900 |
| 1 | 9596914200 |
| 2 | 14685245300 |
| 2 | 10591312800 |
| 2 | 10606279300 |
| 2 | 10601277100 |
| 2 | 10600995400 |
| 2 | 10593431900 |
| 2 | 25573336600 |
| 2 | 5623682800 |
| 10 | 3 | 14727643600 |
| 15 | 3 | 22462469800 |
| 20 | 3 | 30153258300 |
| 10 | 5 | 24947046300 |
| 15 | 5 | 37097288300 |
| 20 | 5 | 49893654800 |
| 10 | 10 | 50022001100 |
| 15 | 10 | 75880231800 |
| 20 | 10 | 101394502100 |
| 5 | 3 | 7094357500 |
| 3 | 1 | 1046123000 |
| 3 | 2 | 2558057400 |
