| 1 | 5013949500 |
| 2 | 5522438500 |
| 3 | 5000906900 |
| 4 | 6529163100 |
| 5 | 6531874900 |
| 6 | 7529958100 |
| 7 | 8041399300 |
| 8 | 8545012900 |
| 9 | 9085472700 |
| 10 | 9564592800 |
| 11 | 10115011700 |
| 12 | 10615033000 |
| 13 | 10555679700 |
| 14 | 11617538800 |
| 15 | 11615180500 |
| 16 | 12080598800 |
| 17 | 10566625900 |
| 18 | 14589273300 |
| 19 | 10064613400 |
| 20 | 13610509800 |
| 11 | 61771058000 |
| 11 | 61782988800 |
| 12 | 72754239000 |
| 13 | 85803706800 |
| 14 | 99207605200 |
| 15 | 114176255400 |

// simulate primary down

| 11 | 61887964400 |
| 12 | 73061076000 |
| 13 | 86257923200 |
| 14 | 99343093700 |
| 15 | 114691495400 |

// Primary fails and restart
| 11 | 61902356400 |
| 12 | 72878685400 |
| 13 | 85976060300 |
| 14 | 99140679000 |
| 15 | 114529038400 |

// -faults=2
| 11 | 62123843300 |
| 12 | 73502856400 |
| 13 | 86544219100 |
| 15 | 114965556200 |
| 11 | 62021433800 |
| 12 | 73317127800 |
| 13 | 86522897300 |


| 5 | 16641921600 |
| 5 | 13170312400 |
| 5 | 13181553000 |
| 5 | 17161737300 |
| 5 | 17304802700 |
| 5 | 25339143000 |
| 5 | 27167172000 |
| 3 | 12078970300 |
| 3 | 40246739000 |
| 3 | 44265208800 |
| 3 | 48341386600 |
| 3 | 52269755700 |
| 3 | 56295571300 |


// New
| 10 | 3 | 14735053800 |
| 15 | 3 | 22396158500 |
| 20 | 3 | 31091008800 |
| 10 | 5 | 24922633000 |
| 15 | 5 | 40583409400 |
| 20 | 5 | 60777452000 |
| 10 | 10 | 49956169500 |
| 15 | 10 | 75875247100 |
| 20 | 10 | 101086242400 |


// fail
| 10 | 3 | 14708903800 |
// rejoin
| 10 | 3 | 14803583200 |
| 10 | 3 | 14732855300 |
| 15 | 3 | 22292183700 |
| 10 | 3 | 14775049400 |
| 10 | 3 | 2045353800 |
| 10 | 3 | 14737703400 |

// -faults=1 -rejoin=0 -fail_backup=0 
| 10 | 3 | 14708378500 |
| 15 | 3 | 22309761600 |
| 20 | 3 | 29981532700 |
| 10 | 5 | 24812301500 |
| 15 | 5 | 39015840400 |
| 20 | 5 | 59049377000 |
| 10 | 10 | 49654485800 |
| 15 | 10 | 75394392400 |
| 20 | 10 | 100615100600 |
// -faults=1 -rejoin=1 -fail_backup=0 
| 10 | 3 | 14740584700 |
| 15 | 3 | 22327116600 |
| 20 | 3 | 394709200 |
| 10 | 5 | -992025300 |
| 15 | 5 | 8071119200 |
| 20 | 5 | 59073660900 |
| 10 | 10 | 49736515800 |
| 15 | 10 | 46100005400 |
| 20 | 10 | 71507355100 |
| 10 | 5 | 24830469600 |
| 20 | 3 | 377231500 |
| 15 | 5 | 7907975500 |
| 15 | 5 | 8117017000 |
| 10 | 3 | 14722526000 |
| 15 | 3 | 22237739400 |
| 10 | 5 | 24829723400 |
| 15 | 5 | 37507162700 |
| 10 | 10 | 49614147600 |
| 15 | 10 | 75535408100 |

//-faults=2 -rejoin=1 -fail_backup=0 
| 10 | 3 | 14691254900 |
| 15 | 3 | 22305732300 |
| 10 | 5 | 24803899400 |
| 15 | 5 | 37487107700 |
| 10 | 10 | 49612618300 |
| 15 | 10 | 75315769400 |

// -faults=3 -rejoin=1 -fail_backup=1 
| 10 | 3 | 19075749900 |
| 15 | 3 | 20085428600 |
| 10 | 5 | 19070842400 |
| 15 | 5 | 19093296200 |
| 10 | 10 | 19071587300 |
| 15 | 10 | 19087787600 |

// -faults=2 -rejoin=1 -fail_backup=1 | 10 | 3 | 13561251600 |
| 15 | 3 | 13561474600 |
| 10 | 5 | 12562085600 |
| 15 | 5 | 12562916900 |
| 10 | 10 | 12566144900 |
| 15 | 10 | 15890664700 |
| 10 | 3 | 14695264900 | 0 |
| 10 | 3 | 14596014800 | 0 |
| 5 | 3 | 8055714900 | 0 |
| 5 | 3 | 8092661400 | 0.40 |
| 5 | 3 | 8112458400 | 40.00 |
| 5 | 3 | 8077121200 | 40.00% |
| 5 | 3 | 8098691900 | 40% |


| 10 | 3 | 17187068700 | 33% |
| 15 | 3 | 27681377300 | 18% |
| 10 | 5 | 32226809000 | 26% |
| 10 | 3 | 14714904800 | 83% |
| 15 | 3 | 22257523000 | 89% |
| 10 | 5 | 24854124200 | 82% |
| 15 | 5 | 37494187600 | 89% |
| 10 | 10 | 49683630600 | 87% |
| 15 | 10 | 75563698600 | 78% |
| 10 | 3 | 14711631800 | 83% |
| 15 | 3 | 22397088200 | 89% |
| 10 | 5 | 24951674600 | 84% |
